-2.0 -28.4466186123
-1.88944723618 -31.7568759456
-1.77889447236 -12.2329531276
-1.66834170854 -17.6551043106
-1.55778894472 -8.76706568473
-1.4472361809 -39.0329881073
-1.33668341709 -2.02129815228
-1.22613065327 -8.64954354762
-1.11557788945 -8.31471086274
-1.00502512563 6.33625912342
-0.894472361809 14.5941999171
-0.78391959799 -8.71059539665
-0.673366834171 16.7884030477
-0.562814070352 -11.5418659836
-0.452261306533 13.6972776174
-0.341708542714 13.9447991764
-0.231155778894 16.0817905847
-0.120603015075 -8.64660373746
-0.0100502512563 -18.1871823788
0.100502512563 -11.0979043815
0.211055276382 -1.03206435881
0.321608040201 -9.81607681716
0.43216080402 -16.4003778145
0.542713567839 9.45764831706
0.653266331658 -10.3100906457
0.763819095477 16.1810548002
0.874371859296 5.19274180119
0.984924623116 6.68996912113
1.09547738693 15.5895353888
1.20603015075 8.74245805257
1.31658291457 3.63234471295
1.42713567839 24.7633599178
1.53768844221 26.0360888721
1.64824120603 -2.2582390374
1.75879396985 0.703366230231
1.86934673367 -5.91361207727
1.97989949749 5.04554540354
2.09045226131 0.575228372694
2.20100502513 25.5068300793
2.31155778894 36.1138476527
2.42211055276 13.0753094728
2.53266331658 22.3317236685
2.6432160804 10.4242686344
2.75376884422 30.4892766454
2.86432160804 1.70554935189
2.97487437186 -13.8447764575
3.08542713568 3.2036083381
3.1959798995 9.29029248743
3.30653266332 13.4039248
3.41708542714 14.1035106432
3.52763819095 -21.4164481802
3.63819095477 3.95405025438
3.74874371859 -16.7341026052
3.85929648241 -10.6302073639
3.96984924623 -1.08137050396
4.08040201005 -18.3897239176
4.19095477387 11.763236889
4.30150753769 7.23472988183
4.41206030151 -6.33617024454
4.52261306533 2.13495734399
4.63316582915 -12.1218238805
4.74371859296 -14.1483177274
4.85427135678 -11.9342573179
4.9648241206 -2.12011594564
5.07537688442 -18.0620405486
5.18592964824 9.79887466275
5.29648241206 -15.2831592211
5.40703517588 -10.1608614098
5.5175879397 -13.479791535
5.62814070352 -5.90126343551
5.73869346734 1.82958834779
5.84924623116 5.96172862829
5.95979899497 1.95479957414
6.07035175879 9.68013366653
6.18090452261 6.86617535499
6.29145728643 -3.37135592242
6.40201005025 0.145835828158
6.51256281407 -15.0702894174
6.62311557789 30.7460888092
6.73366834171 20.0481923223
6.84422110553 22.1078152493
6.95477386935 3.71524405813
7.06532663317 14.0026856536
7.17587939698 10.4877343441
7.2864321608 8.60136275308
7.39698492462 12.3553744524
7.50753768844 2.26104613593
7.61809045226 -4.47396848426
7.72864321608 17.0063605269
7.8391959799 26.6521915555
7.94974874372 14.0753753867
8.06030150754 19.7807073437
8.17085427136 24.79964758
8.28140703518 17.9446142861
8.39195979899 7.16960243093
8.50251256281 18.650448692
8.61306532663 9.11676273145
8.72361809045 17.6692077918
8.83417085427 26.4898716668
8.94472361809 13.1884356859
9.05527638191 11.9571892919
9.16582914573 23.5965983271
9.27638190955 20.3040761449
9.38693467337 10.5530719325
9.49748743719 17.0685721548
9.60804020101 -0.714137406629
9.71859296482 14.8630133648
9.82914572864 1.40127087262
9.93969849246 0.780649395176
10.0502512563 -3.11111294993
10.1608040201 -8.26800643906
10.2713567839 -2.28519054026
10.3819095477 12.8483481234
10.4924623116 -1.50129210041
10.6030150754 6.96770400461
10.7135678392 -3.52477028047
10.824120603 8.40354101657
10.9346733668 1.41540665422
11.0452261307 -13.971765594
11.1557788945 -2.95503487613
11.2663316583 18.0518420606
11.3768844221 10.0541138982
11.4874371859 12.391601513
11.5979899497 9.71673900628
11.7085427136 -15.9523278464
11.8190954774 11.1157792145
11.9296482412 16.0316313947
12.040201005 12.9950513773
12.1507537688 2.04431966357
12.2613065327 9.12692086808
12.3718592965 9.43276260181
12.4824120603 15.8153435793
12.5929648241 26.4379058039
12.7035175879 3.2921402788
12.8140703518 17.8001865226
12.9246231156 5.15029187709
13.0351758794 31.5160272824
13.1457286432 23.6771833506
13.256281407 24.5450608172
13.3668341709 28.367382521
13.4773869347 38.7896286961
13.5879396985 32.5294268748
13.6984924623 15.0347217338
13.8090452261 20.5462935053
13.9195979899 28.4483525948
14.0301507538 27.1174729703
14.1407035176 20.6178869228
14.2512562814 16.8774095045
14.3618090452 17.07000984
14.472361809 40.3926986747
14.5829145729 23.4897655404
14.6934673367 37.5970565799
14.8040201005 36.8601894642
14.9145728643 30.7739532282
15.0251256281 12.2468744673
15.135678392 32.0751319751
15.2462311558 45.4631123751
15.3567839196 27.2022103334
15.4673366834 25.2488325975
15.5778894472 27.1634940047
15.6884422111 28.1168402398
15.7989949749 15.3875819383
15.9095477387 27.0939303495
16.0201005025 50.1589400254
16.1306532663 6.26488590711
16.2412060302 21.97968708
16.351758794 21.2605135986
16.4623115578 9.71459635909
16.5728643216 18.9373081948
16.6834170854 24.2568212913
16.7939698492 22.6494245217
16.9045226131 37.1745930007
17.0150753769 28.6633353081
17.1256281407 14.038816605
17.2361809045 15.6746366767
17.3467336683 23.4889137834
17.4572864322 11.8663756399
17.567839196 14.0900707473
17.6783919598 20.1231097996
17.7889447236 31.3686285089
17.8994974874 44.1100577595
18.0100502513 39.716199682
18.1206030151 21.8174430992
18.2311557789 20.6790351398
18.3417085427 21.8855962842
18.4522613065 25.9197202932
18.5628140704 23.2882250541
18.6733668342 33.9926710886
18.783919598 39.7375471289
18.8944723618 36.5491480882
19.0050251256 54.0651610212
19.1155778894 36.3618568388
19.2261306533 47.130342905
19.3366834171 49.8761886728
19.4472361809 52.8389555946
19.5577889447 53.8838113765
19.6683417085 48.1584652928
19.7788944724 39.4415456019
19.8894472362 59.6240190942
20.0 52.0927771459
